9489,10
0,310
0,305
0,308
0,307
0,302
0,304
0,303
0,12
0,549
0,10
0,8
0,0
0,416
0,506
0,300
0,417
0,413
0,299
0,505
0,496
0,298
0,513
0,412
0,297
0,411
0,296
0,319
0,410
0,295
0,395
0,495
0,294
0,480
0,409
0,293
0,531
0,536
0,292
0,492
0,451
0,291
0,502
0,405
0,290
0,565
0,530
0,289
0,389
0,491
0,288
0,429
0,404
0,287
0,467
0,403
0,286
0,524
0,402
0,285
0,550
0,471
0,284
0,528
0,508
0,283
0,488
0,430
0,282
0,398
0,428
0,281
0,487
0,498
0,280
0,554
0,394
0,279
0,393
0,449
0,278
0,391
0,420
0,277
0,503
0,388
0,276
0,560
0,466
0,275
0,522
0,387
0,274
0,360
0,386
0,273
0,512
0,385
0,272
0,483
0,454
0,271
0,375
0,384
0,270
0,527
0,407
0,269
0,481
0,543
0,268
0,461
0,381
0,267
0,547
0,501
0,266
0,546
0,382
0,265
0,351
0,380
0,264
0,459
0,379
0,263
0,521
0,378
0,262
0,526
0,485
0,261
0,457
0,377
0,260
0,474
0,460
0,259
0,557
0,383
0,258
0,374
0,257
0,520
0,525
0,256
0,376
0,473
0,255
0,499
0,373
0,254
0,484
0,372
0,253
0,419
0,371
0,252
0,542
0,504
0,251
0,533
0,370
0,250
0,470
0,519
0,249
0,541
0,248
0,448
0,367
0,247
0,517
0,468
0,246
0,540
0,482
0,245
0,514
0,366
0,244
0,497
0,365
0,242
0,510
0,364
2,1
9470,0
0,563
0,399
9470,3
9470,1
9470,5
1,0
0,418
0,421
1,1
0,431
0,445
0,494
0,551
0,552
0,555
0,573
2,4
2,6
2,7
2,10
2,11
2,13
2,15
3,0
3,3
9467,0
9467,2
9467,3
9469,1
9469,3
9470,2
9471,0
9471,1
9471,3
9472,1
9472,2
9473,0
9473,1
9473,3
9474,0
9474,1
9474,3
9475,0
9475,2
9475,3
9476,0
9476,2
9476,3
9477,0
9477,1
9477,3
9479,0
9479,1
9479,3
9479,4
9481,1
9481,2
9481,4
9484,1
9484,2
9484,4
9486,0
9486,2
9486,4
9489,0
9489,2
9489,3
9489,5
9489,6
9489,8
9490,0
9490,1
9490,3
9490,4
9491,0
9491,2
9491,3
9493,0
9493,1
9493,3
9495,0
9495,1
9495,3
9495,4
9498,1
9498,2
9498,4
9500,1
9500,3
9502,1
9502,2
9502,4
9508,0
9508,1
9508,3
9508,4
9508,6
9510,0
9510,2
9510,4
9510,5
9513,1
9513,2
9513,4
9516,0
9516,1
9516,3
9516,4
9519,0
9519,1
9519,3
9519,5
9526,0
9526,1
9521,0
9521,1
9524,3
9524,1
9471,4
9521,4
9524,4
9524,5
9524,2
9521,2
9526,5
9524,0
9521,3
9526,3
9519,4
9519,2
9516,5
9516,2
9513,5
9513,3
9513,0
9510,3
9510,1
9508,5
9508,2
9502,5
9502,3
9502,0
9500,0
9498,3
9498,0
9495,2
9493,4
9493,2
9491,4
9491,1
9490,5
9490,2
9489,9
9489,7
9489,4
9489,1
9486,3
9486,1
9484,3
9484,0
9481,3
9481,0
9479,2
9477,4
9477,2
9476,4
9476,1
9475,4
9475,1
9474,2
9473,4
9473,2
9472,3
9472,0
9471,2
9470,4
9469,2
9469,0
9467,1
3,1
2,14
2,12
2,8
2,5
2,2
0,553
0,544
0,436
0,423
1,3
0,408
0,401
0,400
0,333
0,330
2,9
0,322
2,3
0,243
2,0
0,9
0,241
0,329
0,363
0,240
0,415
0,465
0,239
0,361
0,362
0,238
0,539
0,237
0,464
0,575
0,236
0,334
0,359
0,235
0,490
0,463
0,234
0,486
0,462
0,233
0,511
0,358
0,232
0,489
0,357
0,231
0,369
0,356
0,230
0,518
0,355
0,229
0,509
0,354
0,228
0,344
0,353
0,227
0,529
0,453
0,226
0,447
0,352
0,225
0,455
0,571
0,224
0,538
0,456
0,223
0,350
0,349
0,222
0,537
0,532
0,221
0,562
0,441
0,220
0,406
0,348
0,219
0,440
0,347
0,218
0,479
0,346
0,217
0,561
0,432
0,216
0,450
0,566
0,215
0,343
0,214
0,435
0,342
0,213
0,434
0,341
0,212
0,523
0,340
0,211
0,458
0,339
0,210
0,478
0,338
0,209
0,337
0,208
0,368
0,336
0,207
0,446
0,397
0,206
0,345
0,335
0,205
0,443
0,475
0,204
0,442
0,422
0,203
0,392
0,332
0,202
0,516
0,439
0,201
0,556
0,472
0,200
0,477
0,331
0,199
0,438
0,390
0,198
0,437
0,568
0,197
0,476
0,328
0,196
0,535
0,195
0,534
0,444
0,194
0,433
0,327
0,193
0,574
0,326
0,192
0,325
0,63
0,572
0,324
0,62
0,396
0,323
0,61
0,564
0,321
0,60
0,570
0,427
0,59
0,548
0,320
0,58
0,426
0,559
0,57
0,425
0,452
0,56
0,515
0,317
0,55
0,500
0,318
0,54
0,569
0,424
0,53
0,414
0,316
0,52
0,545
0,315
0,51
0,493
0,314
0,50
0,469
0,313
0,49
0,567
0,312
0,48
0,311
0,47
0,309
0,46
0,507
0,306
0,45
0,558
0,301
0,6
0,5
0,1
0,11
0,4
0,2
0,3
0,7
